ParName   Value   Gradient
theta[3]      14.3137  -0.00151087
theta[11]      9.91969 -2.69211e-06
theta[12]       9.9314 -2.70519e-06
theta[13]      9.98358  5.29107e-06
theta[14]      10.2311 -2.47348e-06
theta[15]      10.8857  1.95563e-06
theta[16]      11.5095  1.42721e-05
theta[17]      11.8189  9.62329e-06
theta[18]      11.9036  6.46429e-06
theta[19]      11.8839  3.25309e-06
theta[20]      11.8614  2.42038e-06
theta[21]      11.7529   6.2247e-06
theta[22]      11.3712 -6.65319e-06
theta[23]      10.9515 -5.41322e-06
theta[24]      10.6523  3.43743e-05
theta[25]       10.839   1.2234e-05
theta[26]      11.7248  6.67238e-05
theta[27]      11.2677 -0.000162915
theta[28]      10.4672  3.76035e-05
theta[29]      9.46671  7.08662e-06
theta[30]      8.46895 -1.99675e-05
theta[31]      7.63468  1.85054e-07
theta[32]      7.23233   8.9979e-06
theta[33]      12.1921 -8.83379e-06
theta[34]      12.3382  2.09796e-06
theta[35]      13.1497  3.71574e-06
theta[36]      13.6964  8.26109e-06
theta[37]      12.9763 -5.36168e-06
theta[38]      13.0686  7.55521e-06
theta[39]      12.8381   7.8098e-06
theta[40]      12.6296  5.76211e-06
theta[41]      12.5577 -5.72655e-06
theta[42]      12.0171  4.09177e-06
theta[43]      11.4645   5.5098e-06
theta[44]       11.459  4.15167e-06
theta[45]      11.5386  1.02983e-05
theta[46]       10.398  2.14856e-06
theta[47]      9.03317  4.50666e-06
theta[48]      8.02588  1.49888e-06
theta[49]      7.28691   4.5643e-06
theta[50]      6.75539    7.646e-06
theta[51]      6.36809 -5.41715e-08
theta[52]      6.08167 -8.79045e-06
theta[53]      5.88277 -4.28954e-06
theta[54]      5.77943    6.985e-06
theta[55]      11.1596  3.74953e-06
theta[56]      11.2333 -4.11155e-06
theta[57]      11.4714  8.37453e-06
theta[58]      11.9007 -3.64945e-06
theta[59]      12.9499 -2.34652e-05
theta[60]      13.4769 -9.14627e-06
theta[61]      13.1764 -5.91972e-06
theta[62]      12.2761 -4.34569e-05
theta[63]      11.2132 -7.07592e-05
theta[64]      10.0254 -5.89939e-05
theta[65]      9.22239 -2.06466e-05
theta[66]      8.64507 -1.01907e-05
theta[67]      8.31641 -1.50954e-05
theta[68]      8.04148  1.61231e-06
theta[69]      7.77097   7.2238e-06
theta[70]      7.48652 -5.53907e-06
theta[71]      7.23851   -1.466e-05
theta[72]      7.02751 -6.06098e-06
theta[73]      6.85503  3.77702e-06
theta[74]      6.72276 -5.49313e-06
theta[75]      6.63224  1.82322e-06
theta[76]      6.58538 -1.97906e-05
theta[77]     -14.0007 -4.87966e-06
theta[78]     -14.0506 -3.18512e-06
theta[79]      -14.299  4.24056e-06
theta[80]     -14.3433  7.66178e-07
theta[81]     -14.0821 -3.24025e-06
theta[82]     -13.5895  1.62548e-06
theta[83]     -14.3081 -2.30539e-06
theta[84]     -15.3607  7.69783e-06
theta[85]     -16.2741  2.31874e-06
theta[86]     -16.9665  9.32213e-06
theta[87]     -17.4557 -8.34031e-06
theta[88]     -17.8021 -4.08132e-07
theta[89]     -18.0848 -5.34449e-06
theta[90]     -18.3205  1.07265e-05
theta[91]      -18.524 -6.42447e-06
theta[92]     -18.7026  4.87299e-06
theta[93]     -18.8606 -8.87982e-06
G_pars_est[1]  -0.00361146  0.000174288
G_pars_est[2]    -0.255213  -0.00037546
G_pars_est[4]     -2.27761 -2.09219e-05
G_pars_est[5]    -0.329869  8.79168e-05
M_pars_est[1]     0.280344  1.26021e-05
M_pars_est[2]      1.67644  7.50578e-05
M_pars_est[3]    0.0468144  2.90622e-05
M_pars_est[5]   -0.0588694 -1.55794e-07
M_pars_est[7]      2.51589 -5.40437e-05
M_pars_est[9]     0.268955  0.000119253
M_pars_est[10]    0.0416418  1.39559e-05
M_pars_est[11]      1.48108  9.07181e-05
M_pars_est[13]     0.720063  4.58357e-05
M_pars_est[14]      1.94286  2.85657e-05
M_pars_est[15]      5.10146  3.14205e-08
S_pars_est[1]      4.65846 -0.000663957
S_pars_est[2]      1.66678  9.33283e-05
S_pars_est[3]      4.72392  0.000410428
S_pars_est[4]      2.33505 -0.000297538
S_pars_est[5]     -3.06109 -4.43869e-06
S_pars_est[6]     -2.58451 -9.34956e-06
S_pars_est[7]     -2.10618  2.59507e-06
S_pars_est[8]     -1.37626  1.90212e-06
S_pars_est[9]     -1.34093 -1.01541e-06
S_pars_est[10]     -1.19103  2.98606e-06
S_pars_est[11]    -0.939959 -4.01525e-06
S_pars_est[12]    -0.943775  8.46803e-06
S_pars_est[13]     -1.09314  3.54581e-06
S_pars_est[14]     -1.09044  3.48515e-06
S_pars_est[15]     -1.02703 -1.03825e-06
S_pars_est[16]    -0.999737 -1.78884e-06
S_pars_est[17]    -0.976103 -9.13498e-07
S_pars_est[18]     -0.86019  1.14021e-06
S_pars_est[19]    -0.845915  2.80006e-06
S_pars_est[20]      -1.0675  9.60383e-06
S_pars_est[21]    -0.943933  6.76472e-06
S_pars_est[22]    -0.733909   -5.216e-06
S_pars_est[23]    -0.515634 -1.84783e-06
S_pars_est[24]    -0.329264 -1.25731e-06
S_pars_est[25]    -0.228711 -1.41924e-05
S_pars_est[26]    -0.272812  1.50713e-06
S_pars_est[27]     -3.93247 -1.63478e-05
S_pars_est[28]        -3.08 -9.92778e-06
S_pars_est[29]     -2.39704  1.76985e-05
S_pars_est[30]     -1.67065  9.30363e-06
S_pars_est[31]       -1.369  4.95423e-06
S_pars_est[32]     -1.16632  1.13084e-06
S_pars_est[33]     -1.07236 -1.37784e-05
S_pars_est[34]     -1.01144  1.24277e-05
S_pars_est[35]     -1.14902  4.10303e-06
S_pars_est[36]     -1.18413  1.02221e-05
S_pars_est[37]     -1.16486  1.55852e-05
S_pars_est[38]     -1.15133 -1.00518e-05
S_pars_est[39]     -1.11475  6.19787e-06
S_pars_est[40]    -0.955078 -5.09752e-06
S_pars_est[41]    -0.725724  4.70434e-06
S_pars_est[42]    -0.433639 -4.69553e-07
S_pars_est[43]    -0.310405  5.64814e-06
S_pars_est[44]    -0.212897   9.6484e-06
S_pars_est[45]    -0.175553 -1.89373e-07
S_pars_est[46]    -0.136364  2.51999e-06
S_pars_est[47]    -0.113044  1.12022e-05
S_pars_est[48]    -0.101027  4.96061e-06
S_pars_est[49]      4.23554  0.000594243
S_pars_est[50]      1.01849 -4.69744e-05
S_pars_est[51]     -3.52507  -2.3091e-06
S_pars_est[52]     -3.21507 -1.65784e-06
S_pars_est[53]     -3.14563  1.77405e-05
S_pars_est[54]     -1.83894 -1.73859e-05
S_pars_est[55]    -0.914222  6.55623e-06
S_pars_est[56]    -0.428571 -6.77524e-07
S_pars_est[57]    -0.595777  1.87656e-06
S_pars_est[58]    -0.758771 -7.13401e-06
S_pars_est[59]    -0.822278  2.87229e-06
S_pars_est[60]    -0.923625 -9.61318e-07
S_pars_est[61]    -0.903542  2.62686e-06
S_pars_est[62]    -0.866715 -3.23122e-06
S_pars_est[63]    -0.834463  7.05812e-07
S_pars_est[64]    -0.785627  7.48439e-06
S_pars_est[65]     -0.71577 -4.84802e-07
S_pars_est[66]    -0.626711 -1.26352e-06
S_pars_est[67]    -0.526528   7.3795e-06
S_pars_est[68]    -0.421658   3.4067e-06
S_pars_est[69]    -0.312808  5.13781e-07
S_pars_est[70]    -0.198661  1.74478e-06
S_pars_est[71]   -0.0822158  3.04743e-06
S_pars_est[73]      -4.6645 -2.15611e-05
S_pars_est[74]     -3.85546  -3.7126e-06
S_pars_est[75]     -3.23511  7.77791e-05
S_pars_est[76]     -1.47656   1.6403e-06
S_pars_est[77]    -0.784432  -3.2943e-05
S_pars_est[78]    -0.316498 -3.02962e-05
S_pars_est[79]    -0.359962 -1.48479e-06
S_pars_est[80]    -0.915128  7.41143e-06
S_pars_est[81]    -0.947155  4.06359e-06
S_pars_est[82]     -1.10201  1.35103e-05
S_pars_est[83]     -1.08338 -6.03774e-06
S_pars_est[84]    -0.874577 -4.74658e-06
S_pars_est[85]     -0.82301 -2.25117e-08
S_pars_est[86]    -0.778017  -2.5279e-06
S_pars_est[87]     -0.71089 -1.15471e-07
S_pars_est[88]    -0.623545  3.37748e-06
S_pars_est[89]    -0.524332  9.34938e-06
S_pars_est[90]    -0.420038 -7.44657e-06
S_pars_est[91]    -0.311388  2.90303e-07
S_pars_est[92]    -0.197267  2.14335e-06
S_pars_est[93]   -0.0805671 -7.67013e-07
S_pars_est[95]      4.59101  0.000950528
S_pars_est[96]     0.402779  -5.2958e-05
log_fbar[1]    -0.270723  0.000260078
log_fbar[2]     -5.47516 -0.000340401
log_fdev[1](1)     -1.41112   7.6512e-06
log_fdev[1](2)      -1.8622 -1.06054e-05
log_fdev[1](3)     -1.21375  -3.4867e-05
log_fdev[1](4)    -0.825183 -3.63905e-05
log_fdev[1](5)    -0.656461 -5.19247e-05
log_fdev[1](6)    -0.242784  2.16891e-05
log_fdev[1](7)    -0.201104  2.96743e-05
log_fdev[1](8)    -0.185304 -9.11178e-06
log_fdev[1](9)     0.834403  4.47865e-05
log_fdev[1](10)      0.35711 -1.61409e-05
log_fdev[1](11)     0.597179 -2.87179e-05
log_fdev[1](12)      0.65475 -1.88161e-05
log_fdev[1](13)     0.319951  8.73786e-06
log_fdev[1](14)     0.275817  3.58162e-05
log_fdev[1](15)     0.464088  6.23548e-05
log_fdev[1](16)     0.473889  0.000118678
log_fdev[1](17)      1.00666  0.000227765
log_fdev[1](18)    -0.495406  -5.3763e-05
log_fdev[1](19)    -0.570591 -0.000133457
log_fdev[1](20)   -0.0153476 -0.000180171
log_fdev[1](21)     0.191358 -0.000111629
log_fdev[1](22)    -0.225443  4.61468e-06
log_fdev[1](23)    -0.641602  6.01003e-05
log_fdev[1](24)    -0.756215  8.59258e-05
log_fdev[1](25)    -0.124318  6.95192e-05
log_fdev[1](26)     0.274241 -1.63729e-05
log_fdev[1](27)  -0.00502383 -7.03904e-06
log_fdev[1](28)    -0.343683  0.000116947
log_fdev[1](29)    -0.668332  0.000156994
log_fdev[1](30)    0.0442923  9.75651e-05
log_fdev[1](31)     0.452743   0.00011389
log_fdev[1](32)     0.610091 -1.59707e-05
log_fdev[1](33)      1.04683 -4.84979e-05
log_fdev[1](34)      0.97835 -0.000136692
log_fdev[1](35)     0.478899 -8.66548e-05
log_fdev[1](36)     0.192728  8.48096e-05
log_fdev[1](37)        1.112  3.36837e-05
log_fdev[1](38)     0.235839 -2.31104e-05
log_fdev[1](39)     0.793434 -0.000152076
log_fdev[1](40)    -0.950798   0.00011283
log_fdev[2](1)     0.254922 -2.64288e-06
log_fdev[2](2)    0.0825273 -1.91583e-06
log_fdev[2](3)   -0.0881149 -6.22753e-06
log_fdev[2](4)    -0.234117  1.67339e-06
log_fdev[2](5)     -9.15605 -4.82069e-06
log_fdev[2](6)     -4.98362 -2.23598e-06
log_fdev[2](7)     -5.42157 -5.83026e-06
log_fdev[2](8)     -1.57744  5.79721e-06
log_fdev[2](9)    -0.312291 -4.58301e-06
log_fdev[2](10)      2.16769 -1.19683e-05
log_fdev[2](11)      1.61924 -2.99576e-06
log_fdev[2](12)      1.32268 -2.24408e-05
log_fdev[2](13)      1.22635  -2.3478e-05
log_fdev[2](14)     0.989405 -1.59659e-05
log_fdev[2](15)      1.44735 -1.33892e-05
log_fdev[2](16)     0.741245 -2.08003e-05
log_fdev[2](17)     0.827961 -2.02291e-05
log_fdev[2](18)     0.249072 -1.95436e-05
log_fdev[2](19)     0.470578 -2.56833e-05
log_fdev[2](20)     0.436858 -3.71689e-05
log_fdev[2](21)    0.0907145 -2.26667e-05
log_fdev[2](22)     0.220004 -3.55412e-06
log_fdev[2](23)     0.111475 -7.45945e-06
log_fdev[2](24)     0.138365  1.86662e-06
log_fdev[2](25)      0.89937 -5.70751e-06
log_fdev[2](26)     0.639443 -1.69923e-05
log_fdev[2](27)   -0.0111274   1.2072e-05
log_fdev[2](28)     0.600129  1.09478e-05
log_fdev[2](29)    -0.834317  1.05329e-05
log_fdev[2](30)    -0.403084  1.81823e-05
log_fdev[2](31)    0.0960436  3.64019e-06
log_fdev[2](32)     0.271516 -3.55567e-05
log_fdev[2](33)      1.82685 -3.86802e-05
log_fdev[2](34)      3.02116 -4.29909e-05
log_fdev[2](35)    -0.682687 -1.78212e-05
log_fdev[2](36)    0.0887018 -4.90881e-06
log_fdev[2](37)      1.67395 -1.75842e-05
log_fdev[2](38)     0.416512 -2.79362e-05
log_fdev[2](39)     0.811074 -3.31533e-05
log_fdev[2](40)     0.586741 -2.79874e-05
log_fdev[2](41)   0.00666972 -1.24718e-05
log_fdev[2](42)      0.36983 -1.34679e-05
log_foff[1]     -6.27712 -0.000312756
log_fdov[1](1)      1.23658 -5.88314e-06
log_fdov[1](2)      1.60105 -3.68805e-05
log_fdov[1](3)      1.21266 -2.25299e-05
log_fdov[1](4)      1.09359 -3.44484e-05
log_fdov[1](5)      1.96689 -2.57916e-05
log_fdov[1](6)      2.10737 -1.05179e-05
log_fdov[1](7)     0.554415  1.83942e-05
log_fdov[1](8)    0.0133421 -2.07384e-05
log_fdov[1](9)      2.41928 -1.49648e-05
log_fdov[1](10)       1.0251 -2.70775e-05
log_fdov[1](11)      1.32791 -1.36804e-05
log_fdov[1](12)     0.608265  8.17008e-07
log_fdov[1](13)     0.722823 -1.72843e-05
log_fdov[1](14)    -0.454584 -1.29784e-05
log_fdov[1](15)      0.86681  2.03629e-06
log_fdov[1](16)     0.786842  8.38661e-06
log_fdov[1](17)     -2.25002 -3.39835e-06
log_fdov[1](18)    -0.525255 -2.21625e-05
log_fdov[1](19)     -2.42374 -2.61476e-05
log_fdov[1](20)   -0.0516534 -7.42312e-05
log_fdov[1](21)      -2.4566  -4.8179e-05
log_fdov[1](22)     -2.81503 -5.01453e-05
log_fdov[1](23)     -1.69399 -2.60712e-05
log_fdov[1](24)    -0.611991 -1.81041e-05
log_fdov[1](25)     -2.54015 -2.71317e-05
log_fdov[1](26)    -0.521276 -2.23928e-05
log_fdov[1](27)    -0.257417  9.64114e-06
log_fdov[1](28)    -0.106993  2.25901e-05
log_fdov[1](29)     0.112486  3.61831e-06
log_fdov[1](30)      2.15472 -2.69714e-05
log_fdov[1](31)     0.346281 -3.59986e-05
log_fdov[1](32)     0.941917  -2.3485e-05
log_fdov[1](33)       1.5911  3.69789e-07
log_fdov[1](34)     0.821029 -5.87573e-05
log_fdov[1](35)     0.168368  2.82689e-05
log_fdov[1](36)     0.292941  3.37155e-05
log_fdov[1](37)     -1.19207  5.09366e-05
log_fdov[1](38)     0.452061  2.33157e-05
log_fdov[1](39)     -2.80393 -6.18294e-05
log_fdov[1](40)     -3.71912 -1.96894e-07
rec_dev_est(1982)     0.367284 -2.96171e-05
rec_dev_est(1983)    -0.278994   8.5878e-07
rec_dev_est(1984)     0.173061  -1.8437e-05
rec_dev_est(1985)      2.29633 -0.000150209
rec_dev_est(1986)    0.0248052 -7.54502e-06
rec_dev_est(1987)     0.207736  8.42488e-06
rec_dev_est(1988)    -0.508183  5.16985e-06
rec_dev_est(1989)    -0.631882  2.50868e-05
rec_dev_est(1990)     0.392269  2.48081e-05
rec_dev_est(1991)     0.444126 -0.000150001
rec_dev_est(1992)   -0.0515245 -9.50233e-05
rec_dev_est(1993)     0.394224 -0.000222707
rec_dev_est(1994)    -0.304354  -8.7357e-05
rec_dev_est(1995)     -1.10268 -4.55009e-05
rec_dev_est(1996)     -1.48067  2.43827e-05
rec_dev_est(1997)     -1.11319 -1.20791e-05
rec_dev_est(1998)     0.146858  0.000342265
rec_dev_est(1999)    -0.400348   5.1747e-05
rec_dev_est(2000)     -1.23778  2.99045e-07
rec_dev_est(2001)    -0.326282  0.000139301
rec_dev_est(2002)    -0.128555  7.96713e-05
rec_dev_est(2003)      1.01413  0.000345868
rec_dev_est(2004)    -0.194786  0.000229932
rec_dev_est(2005)    -0.552547  5.84322e-05
rec_dev_est(2006)     -1.35203 -4.40246e-05
rec_dev_est(2007)   -0.0211907 -0.000282841
rec_dev_est(2008)     0.878622 -0.000478929
rec_dev_est(2009)    -0.747518 -8.98398e-05
rec_dev_est(2010)    -0.743916 -0.000100586
rec_dev_est(2011)     -1.02213 -3.26295e-05
rec_dev_est(2012)   -0.0427978 -1.36635e-05
rec_dev_est(2013)    -0.385917 -0.000145426
rec_dev_est(2014)       1.4174 -0.000320652
rec_dev_est(2015)      1.45125  6.48346e-06
rec_dev_est(2016)      1.37052  1.55272e-06
rec_dev_est(2017)    -0.441064  7.54351e-06
rec_dev_est(2018)    -0.660317   4.5329e-05
rec_dev_est(2019)     -1.12894  1.94381e-05
rec_dev_est(2020)    -0.262643 -2.74646e-06
rec_dev_est(2021)    -0.225643 -4.06657e-06
rec_dev_est(2022)     0.795289 -4.07995e-06
rec_dev_est(2023)     0.456448 -4.20753e-06
logit_rec_prop_est(1982)       4.1245 -3.09174e-05
logit_rec_prop_est(1983)      4.54424 -0.000103908
logit_rec_prop_est(1984)      3.98589  -7.8532e-06
logit_rec_prop_est(1985)     -1.88641 -0.000186068
logit_rec_prop_est(1986)     -2.46788  -4.5672e-05
logit_rec_prop_est(1987)    0.0548132  0.000258948
logit_rec_prop_est(1988)     0.267716  0.000232607
logit_rec_prop_est(1989)     0.958843  7.45091e-05
logit_rec_prop_est(1990)       1.4679  -0.00010855
logit_rec_prop_est(1991)      0.77098 -0.000209841
logit_rec_prop_est(1992)     -1.90821 -0.000361778
logit_rec_prop_est(1993)     -1.73685 -0.000946623
logit_rec_prop_est(1994)     -2.12863 -0.000332269
logit_rec_prop_est(1995)     -1.08736 -0.000175118
logit_rec_prop_est(1996)      1.10867  7.78626e-05
logit_rec_prop_est(1997)     -1.66426  0.000518675
logit_rec_prop_est(1998)    -0.562915   0.00202321
logit_rec_prop_est(1999)     -1.26335  0.000595158
logit_rec_prop_est(2000)     -1.89999  3.33557e-05
logit_rec_prop_est(2001)      1.29324  0.000370326
logit_rec_prop_est(2002)   -0.0382375  0.000900612
logit_rec_prop_est(2003)     -1.20065   0.00156892
logit_rec_prop_est(2004)     0.602217   0.00029953
logit_rec_prop_est(2005)    -0.338898  0.000162298
logit_rec_prop_est(2006)     0.881411 -4.74424e-05
logit_rec_prop_est(2007)      -1.0192 -0.000681848
logit_rec_prop_est(2008)     -1.33057  -0.00275897
logit_rec_prop_est(2009)     -1.73482  -0.00048071
logit_rec_prop_est(2010)    -0.917808 -0.000519324
logit_rec_prop_est(2011)    -0.610771 -0.000177321
logit_rec_prop_est(2012)    -0.225709 -0.000158364
logit_rec_prop_est(2013)      1.23803 -0.000115467
logit_rec_prop_est(2014)      1.11201 -0.000692213
logit_rec_prop_est(2015)    -0.509354  0.000210065
logit_rec_prop_est(2016)     -3.31676 -6.69663e-05
logit_rec_prop_est(2017)     -2.01103 -2.63459e-05
logit_rec_prop_est(2018)      4.46552 -7.50687e-05
logit_rec_prop_est(2019)     -2.37585 -1.67521e-05
logit_rec_prop_est(2020)      1.92202 -7.40375e-05
logit_rec_prop_est(2021)      1.39151 -2.70526e-05
logit_rec_prop_est(2022)      1.47469  1.43907e-05
logit_rec_prop_est(2023)     0.571307 -2.26227e-05
